a=01110.10001.11111.10001.10001
f=11111.10000.11110.10000.10000
