A=01110.10001.11111.10001.10001
F=11111.10000.11110.10000.10000
O=11111.10001.10001.10001.11111
